  0   0   0   0   0   0   0   0   0   0   0   0   0   0   0   0
  0   0   0   0 222   0   9   9   9   9   0 222   0   0   0   0
  0   0   0 190 232 190   9   9   9   9 190 232 190   0   0   0
  0   0 191 234 242 250   4   3   3   4 250 242 234 190   0   0
  0 222 232 242 253 248   0   1   1   0 248 253 242 232 222   0
  0   0 190 250 248 238 229   0   0 229 238 248 250 190   0   0
  0   9   9   4   0 229 222   0   0 222 229   0   4   9   9   0
  0   9   9   3   1   0   0 219 220   0   0   1   3   9   9   0
  0   9   9   3   1   0   0 219 220   0   0   1   3   9   9   0
  0   9   9   4   0 229 222   0   0 222 229   0   4   9   9   0
  0   0 190 250 248 238 229   0   0 229 238 248 250 190   0   0
  0 222 232 242 253 248   0   1   1   0 248 253 242 232 222   0
  0   0 190 234 242 250   4   3   3   4 250 242 234 190   0   0
  0   0   0 190 232 190   9   9   9   9 190 232 190   0   0   0
  0   0   0   0 222   0   9   9   9   9   0 222   0   0   0   0
  0   0   0   0   0   0   0   0   0   0   0   0   0   0   0   0
  0   0   0   0   0   0   0   0   0   0   0   0   0   0   0   0
  0   0   0   0 222   0   9   9   9   9   0 222   0   0   0   0
  0   0   0 190 232 190   9   9   9   9 190 232 190   0   0   0
  0   0 191 234 242 250   4   3   3   4 250 242 234 190   0   0
  0 222 232 242 253 248   0   1   1   0 248 253 242 232 222   0
  0   0 190 250 248 238 229   0   0 229 238 248 250 190   0   0
  0   9   9   4   0 229 222   0   0 222 229   0   4   9   9   0
  0   9   9   3   1   0   0 219 220   0   0   1   3   9   9   0
  0   9   9   3   1   0   0 219 220   0   0   1   3   9   9   0
  0   9   9   4   0 229 222   0   0 222 229   0   4   9   9   0
  0   0 190 250 248 238 229   0   0 229 238 248 250 190   0   0
  0 222 232 242 253 248   0   1   1   0 248 253 242 232 222   0
  0   0 190 234 242 250   4   3   3   4 250 242 234 190   0   0
  0   0   0 190 232 190   9   9   9   9 190 232 190   0   0   0
  0   0   0   0 222   0   9   9   9   9   0 222   0   0   0   0
  0   0   0   0   0   0   0   0   0   0   0   0   0   0   0   0
  0   0   0   0   0 136   0   0   0   0 136   0   0   0   0   0
  0   0   0   0 222 136 171 171 171 171 136 222   0   0   0   0
  0   0   0 190 232 190 171 172 172 171 190 232 190   0   0   0
  0   0 191 234 242 250 180 182 182 180 250 242 234 190   0   0
  0 222 232 242 253 248   0 193 193   0 248 253 242 232 222   0
136 136 190 250 248 238 229 203 203 229 238 248 250 190 136 136
  0 171 171 180   0 229 222   0   0 222 229   0 180 171 171   0
  0 171 172 182 193 203   0 219 220   0 203 193 182 172 171   0
  0 171 172 182 193 203   0 219 220   0 203 193 182 172 171   0
  0 171 171 180   0 229 222   0   0 222 229   0 180 171 171   0
136 136 190 250 248 238 229 203 203 229 238 248 250 190 136 136
  0 222 232 242 253 248   0 193 193   0 248 253 242 232 222   0
  0   0 190 234 242 250 180 182 182 180 250 242 234 190   0   0
  0   0   0 190 232 190 171 172 172 171 190 232 190   0   0   0
  0   0   0   0 222 136 171 171 171 171 136 222   0   0   0   0
  0   0   0   0   0 136   0   0   0   0 136   0   0   0   0   0

  0   0   0   0   0   0   0   0   0   0   0   0   0   0   0   0
  0   0   0   0 222   0   9   9   9   9   0 222   0   0   0   0
  0   0   0 190 232 190   9   9   9   9 190 232 190   0   0   0
  0   0 190 234 242 250   4   3   3   4 250 242 234 190   0   0
  0 222 232 242 253 248   0   1   1   0 248 253 242 232 222   0
  0   0 190 250 248 238 229   0   0 229 238 248 250 190   0   0
  0   9   9   4   0 229 222   0   0 222 229   0   4   9   9   0
  0   9   9   3   1   0   0 220 220   0   0   1   3   9   9   0
  0   9   9   3   1   0   0 219 219   0   0   1   3   9   9   0
  0   9   9   4   0 229 222   0   0 222 229   0   4   9   9   0
  0   0 190 250 248 238 229   0   0 229 238 248 250 190   0   0
  0 222 232 242 253 248   0   1   1   0 248 253 242 232 222   0
  0   0 190 234 242 250   4   3   3   4 250 242 234 190   0   0
  0   0   0 191 232 190   9   9   9   9 190 232 190   0   0   0
  0   0   0   0 222   0   9   9   9   9   0 222   0   0   0   0
  0   0   0   0   0   0   0   0   0   0   0   0   0   0   0   0
  0   0   0   0   0   0   0   0   0   0   0   0   0   0   0   0
  0   0   0   0 222   0   9   9   9   9   0 222   0   0   0   0
  0   0   0 190 232 190   9   9   9   9 190 232 190   0   0   0
  0   0 190 234 242 250   4   3   3   4 250 242 234 190   0   0
  0 222 232 242 253 248   0   1   1   0 248 253 242 232 222   0
  0   0 190 250 248 238 229   0   0 229 238 248 250 190   0   0
  0   9   9   4   0 229 222   0   0 222 229   0   4   9   9   0
  0   9   9   3   1   0   0 220 220   0   0   1   3   9   9   0
  0   9   9   3   1   0   0 219 219   0   0   1   3   9   9   0
  0   9   9   4   0 229 222   0   0 222 229   0   4   9   9   0
  0   0 190 250 248 238 229   0   0 229 238 248 250 190   0   0
  0 222 232 242 253 248   0   1   1   0 248 253 242 232 222   0
  0   0 190 234 242 250   4   3   3   4 250 242 234 190   0   0
  0   0   0 191 232 190   9   9   9   9 190 232 190   0   0   0
  0   0   0   0 222   0   9   9   9   9   0 222   0   0   0   0
  0   0   0   0   0   0   0   0   0   0   0   0   0   0   0   0
  0   0   0   0   0 136   0   0   0   0 136   0   0   0   0   0
  0   0   0   0 222 136 171 171 171 171 136 222   0   0   0   0
  0   0   0 190 232 190 171 172 172 171 190 232 190   0   0   0
  0   0 190 234 242 250 180 182 182 180 250 242 234 190   0   0
  0 222 232 242 253 248   0 193 193   0 248 253 242 232 222   0
136 136 190 250 248 238 229 203 203 229 238 248 250 190 136 136
  0 171 171 180   0 229 222   0   0 222 229   0 180 171 171   0
  0 171 172 182 193 203   0 220 220   0 203 193 182 172 171   0
  0 171 172 182 193 203   0 219 219   0 203 193 182 172 171   0
  0 171 171 180   0 229 222   0   0 222 229   0 180 171 171   0
136 136 190 250 248 238 229 203 203 229 238 248 250 190 136 136
  0 222 232 242 253 248   0 193 193   0 248 253 242 232 222   0
  0   0 190 234 242 250 180 182 182 180 250 242 234 190   0   0
  0   0   0 191 232 190 171 172 172 171 190 232 190   0   0   0
  0   0   0   0 222 136 171 171 171 171 136 222   0   0   0   0
  0   0   0   0   0 136   0   0   0   0 136   0   0   0   0   0

  0   0   0   0 194   4   4   0   0   4   4 194   0   0   0   0
  0   0   0 212 218  49   9   8   8   9  49 217 170   0   0   0
  0   0   0 217 230 185   7   7   7   7 185 230 217   0   0   0
  0 170 217 232 241 243  12   3   3  12 243 241 232 217 212   0
194 217 230 241 249 246 130   0   0 130 246 249 241 230 218 194
  4  49 185 242 246 236 220   0   0 220 236 246 243 185  49   4
  4   9   7  12 130 220 220  66  66 220 220 128  12   7   9   4
  0   8   7   3   0   0  66 136 136  66   0   0   3   7   8   0
  0   8   7   3   0   0  66 136 136  66   0   0   3   7   8   0
  4   9   7  12 130 220 220  66  66 220 220 128  12   7   9   4
  4  49 185 242 246 236 220   0   0 220 236 246 243 185  49   4
194 217 230 241 249 246 130   0   0 130 246 249 241 230 217 194
  0 212 217 232 241 243  12   3   3  12 243 241 232 217 170   0
  0   0   0 217 230 185   7   7   7   7 185 230 217   0   0   0
  0   0   0 170 217  49   9   8   8   9  49 217 212   0   0   0
  0   0   0   0 194   4   4   0   0   4   4 194   0   0   0   0
  0   0   0   0 194   4   4   0   0   4   4 194   0   0   0   0
  0   0   0 212 218  49   9   8   8   9  49 217 170   0   0   0
  0   0   0 217 230 185   7   7   7   7 185 230 217   0   0   0
  0 170 217 232 241 243  12   3   3  12 243 241 232 217 212   0
194 217 230 241 249 246 130   0   0 130 246 249 241 230 218 194
  4  49 185 242 246 236 220   0   0 220 236 246 243 185  49   4
  4   9   7  12 130 220 220  66  66 220 220 128  12   7   9   4
  0   8   7   3   0   0  66 136 136  66   0   0   3   7   8   0
  0   8   7   3   0   0  66 136 136  66   0   0   3   7   8   0
  4   9   7  12 130 220 220  66  66 220 220 128  12   7   9   4
  4  49 185 242 246 236 220   0   0 220 236 246 243 185  49   4
194 217 230 241 249 246 130   0   0 130 246 249 241 230 217 194
  0 212 217 232 241 243  12   3   3  12 243 241 232 217 170   0
  0   0   0 217 230 185   7   7   7   7 185 230 217   0   0   0
  0   0   0 170 217  49   9   8   8   9  49 217 212   0   0   0
  0   0   0   0 194   4   4   0   0   4   4 194   0   0   0   0
  0   0   0   0 198 155 153 128 142 153 155 198   0   0   0   0
  0   0   0 212 218 172 171 169 169 171 172 217 170   0   0   0
  0   0   0 217 230 211 170 172 172 170 211 230 217   0   0   0
  0 170 217 232 241 243 172 181 181 172 243 241 232 217 212   0
198 217 230 241 249 246 200 191 191 200 246 249 241 230 218 198
155 172 212 242 246 236 222 192 192 222 236 246 243 211 171 155
153 171 170 174 200 222 220 194 194 220 222 200 172 170 171 153
128 169 172 181 191 192 192 189 189 194 194 191 181 172 169 142
128 169 172 181 191 192 192 189 189 194 194 191 181 172 169 128
153 171 170 174 200 222 220 194 194 220 222 200 172 170 171 153
155 172 212 242 246 236 222 192 192 222 236 246 243 211 171 155
198 217 230 241 249 246 200 191 191 200 246 249 241 230 217 198
  0 212 217 232 241 243 172 181 181 172 243 241 232 217 170   0
  0   0   0 217 230 211 170 172 172 170 211 230 217   0   0   0
  0   0   0 170 217 172 171 169 169 171 172 217 212   0   0   0
  0   0   0   0 198 155 153 128 142 153 155 198   0   0   0   0

  0   0   0   0 194   4   4   0   0   4   4 194   0   0   0   0
  0   0   0 212 218  49   9   8   8   9  49 217 170   0   0   0
  0   0   0 217 230 185   7   7   7   7 185 230 217   0   0   0
  0 170 217 232 241 243  12   3   3  12 243 241 232 217 212   0
194 217 230 241 249 246 128   0   0 128 246 249 241 230 217 194
  4  49 185 243 246 236 220   0   0 220 236 246 243 185  49   4
  4   9   7  12 130 220 220  66  66 220 220 130  12   7   9   4
  0   8   7   3   0   0  66 136 136  66   0   0   3   7   8   0
  0   8   7   3   0   0  66 136 136  66   0   0   3   7   8   0
  4   9   7  12 130 220 220  66  66 220 220 130  12   7   9   4
  4  49 185 243 246 236 220   0   0 220 236 246 243 185  49   4
194 218 230 241 249 246 130   0   0 130 246 249 241 230 217 194
  0 212 217 232 241 242  12   3   3  12 242 241 232 217 170   0
  0   0   0 217 230 185   7   7   7   7 185 230 217   0   0   0
  0   0   0 170 217  49   9   8   8   9  49 217 212   0   0   0
  0   0   0   0 194   4   4   0   0   4   4 194   0   0   0   0
  0   0   0   0 194   4   4   0   0   4   4 194   0   0   0   0
  0   0   0 212 218  49   9   8   8   9  49 217 170   0   0   0
  0   0   0 217 230 185   7   7   7   7 185 230 217   0   0   0
  0 170 217 232 241 243  12   3   3  12 243 241 232 217 212   0
194 217 230 241 249 246 128   0   0 128 246 249 241 230 217 194
  4  49 185 243 246 236 220   0   0 220 236 246 243 185  49   4
  4   9   7  12 130 220 220  66  66 220 220 130  12   7   9   4
  0   8   7   3   0   0  66 136 136  66   0   0   3   7   8   0
  0   8   7   3   0   0  66 136 136  66   0   0   3   7   8   0
  4   9   7  12 130 220 220  66  66 220 220 130  12   7   9   4
  4  49 185 243 246 236 220   0   0 220 236 246 243 185  49   4
194 218 230 241 249 246 130   0   0 130 246 249 241 230 217 194
  0 212 217 232 241 242  12   3   3  12 242 241 232 217 170   0
  0   0   0 217 230 185   7   7   7   7 185 230 217   0   0   0
  0   0   0 170 217  49   9   8   8   9  49 217 212   0   0   0
  0   0   0   0 194   4   4   0   0   4   4 194   0   0   0   0
  0   0   0   0 198 155 153 142 128 153 155 198   0   0   0   0
  0   0   0 212 218 171 171 169 169 171 171 217 170   0   0   0
  0   0   0 217 230 211 170 172 172 170 211 230 217   0   0   0
  0 170 217 232 241 243 172 181 181 172 243 241 232 217 212   0
198 217 230 241 249 246 200 191 191 200 246 249 241 230 217 198
155 172 211 243 246 236 222 194 194 222 236 246 243 211 172 155
153 171 170 172 200 222 220 194 194 220 222 200 172 170 171 153
142 169 172 181 191 192 194 189 189 194 192 191 181 172 169 142
128 169 172 181 191 192 194 189 189 194 192 191 181 172 169 128
153 171 170 172 200 222 220 192 192 220 222 200 172 170 171 153
155 172 211 243 246 236 222 192 192 222 236 246 243 211 172 155
198 218 230 241 249 246 200 191 191 200 246 249 241 230 217 198
  0 212 217 232 241 242 174 181 181 174 242 241 232 217 170   0
  0   0   0 217 230 212 170 172 172 170 212 230 217   0   0   0
  0   0   0 170 217 172 171 169 169 171 172 217 212   0   0   0
  0   0   0   0 198 155 153 128 128 153 155 198   0   0   0   0
